901
158
765
86
674
531
538
683
555
772
566
392
437
92
59
5
435
981
284
275
856
38
35
776
703
384
250
137
433
361
162
27
543
573
605
845
524
823
34
117
677
315
333
712
359
119
298
844
353
22
454
23
196
874
249
48
546
483
568
354
196
866
591
989
842
983
177
410
119
977
955
126
246
449
371
946
942
866
438
210
31
552
712
744
808
747
349
888
386
422
735
848
720
128
508
455
987
416
952
719
39
795
414
436
529
106
423
42
827
934
510
456
405
199
885
651
671
189
237
421
64
142
205
807
499
609
52
579
478
811
99
182
291
829
465
321
75
11
127
743
967
343
176
319
447
726
481
934
916
970
790
574
705
945
921
319
988
968
734
79
512
256
420
907
629
55
935
886
130
165
953
670
646
899
326
93
778
465
563
547
297
403
641
662
426
926
791
580
596
259
529
649
176
603
842
365
529
828
644
732
725
837
14
53
944
117
779
579
345
403
413
521
439
932
859
471
845
246
988
910
619
791
530
806
661
661
230
741
181
190
510
925
34
550
818
719
719
522
131
422
394
262
802
947
173
148
241
715
942
847
916
612
54
226
377
471
422
288
667
866
126
5
218
919
518
416
883
369
556
642
426
893
389
955
474
967
128
355
973
310
678
66
238
527
28
783
478
550
666
246
637
191
217
617
370
324
77
272
667
919
659
68
488
406
25
514
472
203
829
795
254
851
725
990
366
351
736
292
672
38
134
580
345
92
126
796
521
241
601
637
207
304
651
644
550
911
897
108
368
561
426
750
839
840
209
540
305
64
491
920
949
853
733
976
829
782
61
543
752
307
30
920
440
858
185
214
511
492
224
842
222
974
337
34
984
309
398
748
745
582
864
83
839
336
631
210
533
700
985
471
267
844
819
407
488
521
652
288
125
449
954
740
971
315
498
545
726
432
652
978
514
842
604
229
820
392
192
931
210
475
47
443
52
818
637
339
65
240
564
296
854
9
82
571
965
359
563
600
662
857
537
176
459
964
504
950
832
84
684
521
370
537
300
222
175
828
815
325
568
154
661
211
354
894
72
442
382
67
720
620
93
119
502
753
545
284
499
650
714
348
463
633
935
474
899
206
624
214
793
958
264
354
398
4
581
77
15
248
55
959
367
377
106
788
764
429
324
404
494
894
488
212
845
949
69
147
111
861
609
440
485
304
668
961
519
245
498
780
247
924
758
346
473
379
271
412
353
807
709
879
256
246
366
179
822
717
527
796
779
406
233
942
208
2
927
100
585
763
909
638
909
393
412
761
487
564
426
635
414
903
193
234
321
366
877
15
222
275
989
842
488
169
567
290
611
221
662
578
499
171
520
852
963
843
424
433
36
619
769
684
680
78
50
167
547
827
238
760
350
426
115
668
138
969
55
717
176
890
745
401
17
32
341
887
786
475
542
575
83
658
498
273
977
945
481
367
131
738
391
808
601
769
273
715
638
52
344
507
834
809
573
707
847
677
157
761
783
524
783
788
160
791
59
54
691
167
6
259
341
192
964
98
269
678
615
492
162
501
142
588
421
623
295
925
10
431
158
94
583
22
956
959
674
285
911
144
441
595
927
156
676
573
350
83
85
678
523
518
163
829
22
982
944
424
25
425
39
114
975
740
212
152
338
964
759
722
905
474
873
200
326
815
424
556
683
979
815
551
972
482
741
445
382
871
540
681
418
487
305
292
723
467
797
427
506
699
796
796
982
947
183
711
765
886
971
37
281
678
812
929
211
575
344
441
478
127
774
948
646
882
977
606
416
327
692
904
933
570
609
374
931
591
434
214
912
737
25
386
149
502
450
594
839
376
909
557
285
370
103
265
494
57
403
22
719
362
882
695
41
613
119
450
622
206
133
702
547
781
381
364
723
417
631
302
396
214
33
350
836
558
402
645
114
939
701
214
696
598
28
436
950
865
348
253
0
653
31
736
187
855
717
746
62
748
638
492
747
942
359
667
648
922
968
512
726
922
649
958
530
852
529
90
444
731
864
582
224
498
350
967
156
282
983
302
940
545
978
158
219
580
510
584
113
180
915
534
198
132
764
459
959
337
935
223
656
209
476
230
457
346
761
479
245
585
734
123
121
727
131
186
487
828
120
140
87
749
207
592
621
691
94
788
380
413
326
222
343
520
453
474
122
647
39
825
283
972
267
822
285
154
921
360
833
64
999
607
211
875
408
454
681
903
182
842
869
918
334
942
937
502
121
401
523
625
787
690
597
847
614
886
541
198
666
755
833
734
592
413
145
908
