586
835
160
706
308
115
183
949
388
378
931
807
612
546
100
255
630
418
352
808
542
919
96
629
967
29
828
740
715
401
121
176
795
389
532
570
778
922
631
29
660
431
426
609
765
479
181
456
701
238
970
120
606
514
93
466
786
382
417
316
368
869
348
735
104
485
407
266
948
641
124
905
901
787
243
872
823
1
783
121
808
691
177
221
744
154
590
593
455
121
345
479
300
150
17
921
805
445
718
156
27
157
413
507
565
488
668
473
85
764
24
316
929
348
418
137
868
459
511
953
481
2
969
161
498
33
641
458
506
584
951
637
831
887
960
562
26
553
575
847
861
612
274
738
463
501
132
201
208
645
54
537
819
195
601
104
782
210
218
484
180
343
604
775
502
359
868
834
234
488
131
424
273
191
918
55
116
433
160
637
127
794
446
135
672
63
607
905
307
258
576
409
557
190
151
389
170
21
576
295
464
256
838
644
42
97
111
16
543
866
663
350
425
801
260
800
1000
497
799
680
894
586
290
347
89
950
492
535
686
986
980
158
223
867
534
875
981
407
549
114
503
627
372
246
905
727
353
500
537
756
666
438
692
610
966
793
980
343
371
409
598
300
208
491
844
760
2
352
972
85
525
14
781
21
726
916
775
122
772
481
738
804
752
893
308
128
324
716
244
787
370
355
372
912
169
572
13
492
719
262
640
13
118
196
456
909
864
224
315
970
558
685
390
748
670
817
163
50
889
541
258
550
692
524
517
524
595
364
225
28
528
741
585
911
341
851
815
889
68
89
477
915
700
804
859
633
821
656
111
768
782
511
473
255
44
204
961
990
786
609
684
522
379
653
417
506
903
924
805
674
0
128
35
265
329
2
554
867
812
898
615
647
563
932
664
49
69
479
105
225
757
352
643
787
839
819
763
427
121
712
678
685
676
894
631
782
635
699
647
927
167
986
775
695
229
244
655
903
432
210
249
926
830
408
63
14
793
822
205
813
862
33
650
661
257
684
218
473
108
768
603
936
771
425
114
22
944
875
218
730
595
267
343
343
634
854
841
418
218
881
202
995
150
676
911
118
417
88
955
279
554
934
157
936
501
779
356
664
472
694
547
529
822
503
974
761
275
219
249
673
758
528
187
284
850
122
239
754
501
599
632
241
258
282
655
202
712
868
281
744
795
860
571
30
651
342
928
876
10
562
112
91
620
31
305
943
896
841
178
922
404
730
110
545
964
481
672
766
417
615
79
426
594
687
828
974
459
346
586
53
995
744
116
235
83
68
335
676
549
509
190
532
797
746
950
522
667
487
248
35
530
850
857
125
49
100
297
400
150
89
681
164
330
560
385
866
911
586
738
217
902
513
953
774
661
581
439
501
753
748
570
884
668
220
215
733
728
192
446
102
187
325
166
181
920
458
655
931
678
10
182
979
216
553
852
461
651
727
977
157
859
319
732
628
513
637
769
284
69
554
469
559
839
471
517
227
966
365
72
174
614
307
143
777
501
382
676
787
579
912
467
225
833
73
473
560
794
21
29
104
501
756
605
902
484
807
424
183
107
431
171
114
386
858
989
588
924
747
88
123
747
223
516
266
695
416
665
674
3
995
988
916
129
415
742
660
756
408
391
68
617
787
352
588
249
112
689
177
991
849
749
584
564
718
948
528
733
510
337
767
420
621
200
113
285
865
776
619
871
890
817
307
293
666
992
885
330
271
850
968
625
914
693
574
355
800
422
810
301
719
823
261
102
323
810
58
484
393
620
310
587
758
285
634
151
474
139
228
534
967
7
437
336
287
697
79
815
758
40
260
923
898
679
700
75
292
904
829
881
498
754
704
42
433
743
655
66
484
153
746
520
220
614
164
209
92
747
553
821
634
899
877
924
922
175
935
956
812
542
556
170
770
264
344
947
132
193
189
561
249
155
336
135
334
886
339
134
796
419
417
547
27
819
842
811
998
471
99
611
638
415
830
987
510
521
591
473
854
491
364
801
350
670
411
976
3
983
418
852
885
927
51
651
758
450
903
388
594
755
610
446
280
239
488
225
112
743
782
390
548
811
914
33
281
280
440
77
270
790
508
812
784
383
932
974
608
765
240
680
643
211
623
579
212
928
746
532
655
849
631
488
136
931
170
698
69
526
761
37
750
321
135
806
48
934
510
859
279
483
236
552
813
89
37
713
456
7
506
770
185
828
821
779
561
922
696
976
902
845
121
511
916
468
855
23
548
843
891
765
997
260
468
362
659
611
332
754
621
1
86
463
222
577
209
28
24
574
522
116
236
307
387
896
527
926
392
8
41
827
899
871
827
11
510
755
619
925
543
953
745
208
207
535
161
368
539
300
782
855
380
275
216
321
858
797
305
641
379
333
904
824
91
104
31
847
886
783
0
249
529
512
431
544
52
67
87
735
993
53
420
172
362
847
931
836
339
724
480
943
131
612
335
392
875
568
880
288
811
318
472
41
659
699
150
896
75
496
272
969
310
943
156
35
762
523
192
529
307
630
974
410
751
121
172
174
561
302
537
591
836
675
732
739
168
518
142
604
975
286
575
203
626
927
604
387
397
188
136
636
41
178
340
284
534
88
374
472
863
270
254
722
527
775
247
634
354
846
324
414
446
16
479
962
320
635
434
780
975
773
39
691
983
434
163
283
162
575
138
231
802
753
201
68
383
811
926
745
726
538
108
445
947
748
575
823
138
267
762
379
506
6
621
644
265
416
907
822
917
919
914
210
132
305
610
115
970
1
456
798
249
648
679
645
75
333
219
133
757
274
833
937
218
127
44
282
532
932
872
158
39
672
239
383
378
310
997
700
560
241
756
95
311
174
455
509
434
800
587
590
208
755
501
655
491
250
269
685
625
584
881
307
187
533
794
152
735
8
418
88
635
61
936
701
155
403
613
278
706
822
114
892
913
978
900
984
761
219
91
878
979
652
169
597
420
369
90
74
265
814
640
896
674
889
813
629
631
504
383
281
504
184
657
924
998
314
724
341
18
992
860
634
230
135
846
403
207
776
446
433
957
526
30
351
398
383
350
976
98
884
537
391
881
44
83
109
22
593
438
598
920
627
140
797
556
815
551
25
159
581
55
443
495
104
582
181
241
347
664
826
167
917
613
258
872
720
260
647
640
170
744
468
513
780
285
324
258
709
845
104
586
594
18
178
407
983
556
458
666
671
276
151
63
643
614
565
75
811
630
703
47
605
159
286
570
660
323
732
353
938
212
365
676
393
271
47
47
530
342
455
753
550
973
666
873
811
782
550
891
227
801
853
334
904
560
955
599
884
897
593
183
788
944
599
672
991
850
323
172
948
542
843
421
243
68
333
581
461
163
734
606
812
420
447
340
967
432
562
857
379
574
639
236
807
258
809
312
587
349
924
470
393
307
199
696
597
660
998
521
281
929
968
130
553
685
465
664
407
236
887
481
683
956
289
53
165
585
307
254
10
747
91
694
32
948
65
349
274
700
804
995
383
413
861
131
161
172
286
889
259
637
310
138
203
901
481
759
262
82
284
373
775
563
572
142
13
242
476
232
382
315
433
631
916
192
124
950
646
986
274
182
830
983
434
573
785
815
828
798
42
851
626
68
700
842
483
22
96
953
67
720
954
686
664
331
972
620
559
412
366
667
698
27
158
28
169
53
967
226
679
819
325
813
989
777
821
918
322
734
1000
658
174
496
486
360
903
710
620
879
394
445
420
712
867
60
281
437
900
281
590
736
48
251
832
119
47
430
684
818
276
253
388
41
828
195
250
116
77
654
815
67
722
996
768
835
319
321
908
972
857
800
516
204
423
526
851
260
974
165
194
513
39
999
514
229
703
366
124
627
317
499
221
332
320
784
689
405
305
422
68
747
291
247
825
99
845
597
267
962
493
329
973
654
211
653
756
969
640
894
280
379
913
973
608
678
892
199
518
222
114
840
407
485
934
827
100
296
458
571
657
900
370
428
111
52
161
683
340
851
603
981
646
392
284
457
821
469
325
481
207
591
801
597
150
55
76
447
783
565
6
973
660
651
226
791
76
721
268
176
238
380
753
200
30
768
321
747
834
55
874
999
87
932
555
605
205
887
702
132
985
625
792
649
259
902
405
664
478
829
344
623
990
701
35
57
575
634
413
811
503
744
429
696
245
815
550
326
534
573
257
746
18
579
541
814
494
502
690
281
539
769
703
76
263
748
525
468
320
530
668
861
724
669
159
292
992
914
183
557
323
185
30
517
158
509
194
28
250
110
144
162
200
593
404
451
10
590
58
626
465
31
484
102
151
140
887
836
656
515
584
970
214
19
495
141
22
963
62
464
985
676
629
562
601
836
378
256
962
99
827
474
797
343
548
825
889
508
537
951
500
130
842
165
441
115
547
222
830
626
36
594
352
352
902
725
173
626
840
907
936
115
915
385
898
489
179
894
411
398
202
339
681
247
724
586
942
958
571
330
378
209
143
306
385
904
537
865
923
234
978
601
986
268
101
239
741
602
48
421
491
671
677
914
698
389
423
675
993
398
650
220
134
514
330
523
970
709
880
70
325
711
189
528
684
781
996
252
459
400
853
453
580
466
878
729
315
274
922
264
938
160
141
640
169
740
984
889
849
583
186
214
4
335
443
942
420
184
774
380
752
294
442
708
910
374
833
848
62
561
665
506
11
483
366
726
162
992
801
419
332
379
526
965
909
832
522
5
53
761
889
450
100
837
92
662
394
322
943
743
626
378
487
83
562
56
49
298
906
134
633
830
422
98
339
695
637
815
952
585
664
703
864
429
87
569
232
342
612
734
328
503
90
496
527
289
243
318
986
64
522
173
573
672
64
676
295
897
924
663
325
565
107
63
57
456
660
209
313
891
411
453
457
458
761
434
668
997
667
847
352
192
748
333
826
338
125
43
343
586
288
227
281
20
222
380
158
454
867
619
278
253
651
625
947
458
888
119
476
281
603
992
328
752
2
838
595
603
493
450
725
70
49
283
689
964
672
396
381
546
477
726
207
221
875
847
781
818
126
796
116
935
578
294
581
397
337
536
110
557
522
353
252
320
853
121
417
994
860
304
641
745
6
97
657
940
867
678
150
712
84
852
327
802
141
189
282
886
431
213
136
50
261
490
658
320
172
623
925
714
434
240
683
522
612
611
834
431
22
683
203
169
324
722
110
58
433
805
967
984
626
429
513
597
78
59
612
769
180
976
815
727
186
887
913
668
439
219
631
445
968
947
658
628
626
421
767
733
106
190
15
421
992
30
470
841
404
293
329
751
209
605
182
249
29
973
481
95
150
281
329
343
502
474
741
145
977
519
58
958
539
320
385
951
582
384
897
436
837
395
736
658
463
982
790
643
895
799
153
840
196
690
294
895
761
539
136
103
44
899
413
803
537
69
104
937
387
338
875
221
626
44
165
341
544
551
511
179
81
367
761
483
607
599
642
489
908
769
178
290
554
565
364
846
173
797
77
224
27
836
740
22
824
441
309
606
166
655
103
55
65
148
605
757
21
148
299
406
277
276
690
769
919
956
175
966
56
602
901
15
879
162
673
111
656
442
835
495
78
636
762
548
6
404
201
811
132
263
668
811
539
980
39
171
720
817
426
584
60
729
1
258
279
402
806
60
240
358
58
182
160
766
624
8
893
225
776
152
961
352
571
501
999
568
720
624
727
297
951
671
765
6
694
382
873
108
894
41
48
869
624
653
500
385
998
957
822
167
813
822
602
569
100
770
635
860
704
379
691
295
903
793
483
701
378
152
58
861
289
792
980
254
965
974
6
185
110
666
98
925
136
240
725
688
994
53
676
716
828
988
1000
168
218
714
898
925
836
808
538
397
644
529
20
362
556
799
520
51
240
848
952
890
475
707
609
271
270
377
445
688
924
683
49
420
744
536
805
891
536
126
375
997
942
149
256
79
254
603
470
698
85
31
323
877
728
521
605
596
156
274
394
935
991
673
309
961
831
54
98
902
948
253
163
964
328
21
53
616
164
495
425
783
547
342
225
4
503
493
39
640
707
962
989
862
51
83
512
655
928
154
138
423
650
477
361
522
99
821
826
275
977
951
318
778
19
712
693
296
61
559
613
280
409
573
96
8
823
53
669
555
630
874
151
16
366
317
591
594
83
56
254
13
425
790
470
334
203
751
301
690
354
863
604
980
481
53
106
979
607
29
553
856
960
444
457
634
762
667
683
283
3
521
129
847
110
55
909
468
591
741
421
672
977
485
373
821
114
883
237
815
847
632
453
129
265
455
757
156
42
399
744
564
643
643
757
40
217
212
183
223
440
213
49
662
609
198
275
696
538
970
290
368
935
73
251
221
60
929
150
478
420
174
591
530
676
736
912
715
275
695
99
177
801
638
430
8
57
9
922
345
340
353
713
440
734
572
967
929
626
179
580
260
619
192
956
501
795
624
469
603
58
709
974
12
962
642
565
820
953
706
594
173
903
223
566
967
727
252
536
70
455
350
817
240
388
903
803
891
296
252
944
457
100
65
616
594
490
216
767
118
63
717
648
495
411
512
397
211
714
981
28
177
590
105
442
503
868
149
543
950
156
182
729
931
836
122
269
552
368
470
947
885
234
439
395
663
915
5
981
414
762
292
74
139
762
186
469
747
968
450
62
96
368
956
836
152
391
677
138
121
409
538
43
50
830
990
201
564
840
152
240
550
650
573
359
906
77
779
281
88
813
697
276
482
426
497
252
51
126
992
1000
735
433
714
332
510
806
161
906
749
137
121
494
530
879
514
125
670
800
963
134
666
463
631
936
719
203
646
324
732
282
679
670
521
793
120
776
399
281
149
153
887
937
832
878
426
348
333
749
226
414
638
201
33
521
730
676
894
240
682
386
418
375
196
937
468
748
867
473
169
667
778
543
256
822
467
981
612
981
777
241
511
81
179
731
303
936
20
324
326
157
465
622
218
158
191
857
518
997
647
61
322
716
566
11
376
800
468
810
325
175
473
875
732
346
385
674
941
239
465
840
934
668
55
343
147
942
976
195
325
376
997
3
456
727
611
89
532
849
454
573
928
97
856
214
350
82
854
975
997
820
872
384
574
12
330
178
78
164
176
73
814
304
421
225
689
38
337
910
194
385
736
707
777
614
342
222
949
812
690
248
358
204
412
906
182
817
403
271
655
41
958
297
9
66
379
499
423
459
868
785
769
545
150
288
1000
649
208
687
491
204
742
784
335
930
126
210
354
576
492
981
510
811
315
183
190
854
73
938
299
966
553
373
461
360
88
717
617
739
448
997
92
940
344
219
981
755
939
396
277
141
785
776
692
145
8
29
526
529
934
487
945
591
219
868
643
206
828
487
151
976
351
846
288
595
307
846
324
307
987
539
694
138
156
385
657
363
877
813
567
124
279
538
80
875
382
197
483
113
865
550
95
990
67
850
886
2
323
128
536
457
989
892
673
925
338
32
567
386
81
59
570
77
181
74
634
201
765
711
139
816
327
11
191
133
618
688
73
913
188
57
929
294
532
192
437
973
99
465
843
487
42
749
986
387
450
277
437
21
852
834
738
40
191
638
220
440
905
798
9
446
328
519
818
586
435
378
218
100
595
222
740
579
288
718
684
823
212
653
104
92
236
369
620
284
133
363
559
706
685
348
598
417
79
16
394
979
443
173
735
723
186
858
661
192
478
260
347
5
752
701
500
772
927
533
381
501
160
832
189
383
203
850
820
362
220
368
426
210
75
358
711
127
212
233
300
572
901
920
872
878
248
292
176
389
494
161
159
45
981
329
792
457
203
371
241
971
412
425
294
188
524
961
621
624
30
328
598
945
187
107
567
843
965
879
143
600
532
121
598
546
655
425
114
8
172
943
743
682
342
424
921
946
860
145
763
311
721
907
396
249
642
417
827
89
841
782
140
621
773
278
835
933
772
529
42
126
986
51
755
882
607
60
866
288
628
9
870
386
59
905
135
878
598
638
915
984
359
953
448
553
221
778
589
912
503
727
662
530
934
702
961
268
39
201
692
451
307
101
525
133
153
119
813
894
297
44
791
361
867
166
50
402
643
997
821
455
934
170
797
980
315
768
119
485
472
319
394
3
567
269
81
603
951
378
311
225
315
165
680
938
442
735
833
382
270
74
509
378
265
581
977
524
540
307
638
624
665
198
128
876
4
842
872
809
412
273
133
506
583
387
133
105
483
777
152
822
760
6
788
409
55
683
369
887
208
709
382
205
391
988
703
974
682
692
462
947
457
910
671
670
860
307
119
618
313
307
838
152
432
360
113
439
598
633
894
53
135
579
535
731
98
174
227
461
324
429
333
143
972
400
833
974
371
606
3
71
667
799
850
604
706
448
817
439
193
620
844
1
838
99
729
535
968
201
441
372
549
177
795
936
513
14
444
169
471
927
523
858
832
240
344
842
224
875
529
744
270
60
512
201
655
245
676
486
172
207
220
756
914
768
887
4
232
102
299
384
319
985
760
37
876
445
855
549
899
898
394
165
156
700
634
798
327
749
954
868
778
359
253
423
360
809
578
196
959
769
846
660
2
583
50
940
921
238
679
787
63
522
292
106
250
748
395
809
704
530
479
742
601
556
601
312
423
790
766
800
654
636
742
587
118
457
95
701
650
959
467
153
533
434
665
899
580
192
587
971
283
920
542
267
632
226
974
621
205
4
819
44
928
207
587
10
347
322
32
5
191
922
369
238
326
430
684
574
369
958
524
362
994
436
139
705
949
820
581
0
823
504
111
381
32
420
421
698
953
653
60
12
294
929
269
498
667
882
566
469
976
810
908
561
215
750
555
582
781
593
340
966
808
904
774
276
652
182
430
977
476
688
403
564
718
954
198
688
337
44
324
245
722
596
447
970
839
348
776
502
570
84
540
31
360
245
314
17
132
873
661
940
225
995
969
699
1000
988
975
733
840
89
349
457
508
340
928
920
275
508
307
860
430
793
552
603
609
2
139
792
57
665
712
924
83
127
576
680
866
931
370
171
507
938
586
576
28
920
73
598
344
298
525
355
164
358
546
833
444
276
864
477
37
517
154
805
658
992
951
486
790
91
770
881
411
228
954
722
513
328
650
289
962
36
782
956
566
793
927
123
317
316
804
448
651
507
972
954
617
684
517
538
420
856
196
185
321
285
546
173
712
752
682
547
298
602
816
802
108
129
214
576
821
173
776
566
284
22
842
117
425
749
99
436
755
235
621
435
806
245
235
158
440
76
484
860
355
963
4
554
750
264
189
448
513
134
31
535
520
838
564
865
405
524
211
981
241
118
747
181
482
208
883
395
811
859
803
670
660
800
879
101
202
111
401
392
942
98
807
606
389
945
479
812
82
970
371
663
811
126
802
951
470
75
42
659
519
576
902
100
923
717
126
156
178
348
224
331
699
940
502
405
870
441
814
953
262
200
957
155
921
466
817
454
886
169
703
762
443
193
168
602
777
256
452
934
483
119
463
793
582
695
315
563
821
256
685
719
558
576
813
614
492
942
150
115
23
525
461
578
172
224
498
763
135
758
777
974
952
795
561
970
962
624
585
42
787
29
888
988
706
578
178
74
879
72
944
517
559
447
676
840
679
823
10
393
395
497
908
857
987
353
261
420
236
822
880
215
620
454
56
706
241
338
758
248
235
313
280
621
709
18
263
17
849
78
886
156
787
765
612
562
197
516
97
821
538
222
944
873
539
616
248
851
363
479
360
368
982
959
819
685
652
646
420
533
31
765
189
756
190
273
725
279
161
816
118
948
89
499
95
200
795
860
32
988
381
44
686
403
1000
454
93
515
385
877
724
363
148
257
794
744
267
68
258
530
769
895
347
423
546
902
448
120
241
946
683
114
81
869
116
451
964
63
822
501
280
577
734
679
293
930
279
80
584
701
433
525
930
303
267
964
962
787
899
807
26
767
485
512
324
208
589
580
570
974
813
28
568
410
54
758
542
183
256
823
467
726
411
212
511
1
231
146
742
26
642
906
361
422
753
830
816
207
717
756
620
332
108
701
255
869
968
491
97
651
841
718
736
868
967
779
896
727
123
15
17
373
372
497
213
198
81
234
46
381
411
805
909
243
300
354
629
650
336
773
146
32
688
922
125
55
53
201
913
980
580
89
771
367
19
996
70
277
875
339
807
91
442
394
860
818
636
41
570
623
715
60
24
976
464
424
609
285
534
192
706
891
819
483
740
218
718
599
159
917
818
433
670
391
705
877
645
127
257
593
42
693
879
325
364
432
86
707
111
432
257
858
264
740
62
865
333
318
66
930
818
92
754
944
348
197
87
418
679
195
567
241
670
269
498
484
671
671
353
511
939
97
409
648
59
333
91
288
801
803
915
495
377
724
911
761
761
394
63
833
420
652
777
324
786
727
176
1000
163
74
534
376
289
808
490
622
488
855
707
527
444
120
514
196
459
539
374
341
446
641
633
260
518
735
409
354
515
541
414
552
62
428
555
498
570
772
162
10
935
928
761
672
505
410
954
162
731
288
295
405
705
722
441
367
767
307
678
958
160
288
788
740
284
649
402
667
211
84
536
897
821
414
682
213
253
159
793
449
819
789
97
488
184
516
202
657
748
854
220
62
596
80
198
775
271
530
413
348
19
390
330
894
606
334
911
996
111
595
39
10
371
444
788
841
435
535
787
907
969
811
882
112
251
966
973
948
974
60
362
124
525
770
744
793
503
898
530
780
274
247
984
773
922
476
189
518
123
490
63
801
117
931
925
434
149
341
957
690
189
921
998
933
498
658
381
705
823
854
466
313
202
976
604
787
214
21
629
370
920
267
483
808
255
142
877
27
531
731
438
641
113
707
971
730
0
997
395
405
768
860
150
970
550
31
986
94
721
89
821
986
24
5
885
894
240
816
121
548
775
235
378
206
823
277
851
59
414
19
1000
925
56
416
904
322
975
446
833
234
107
764
11
720
380
356
211
183
242
408
70
316
926
240
847
332
911
289
797
852
129
504
66
784
754
479
954
922
348
556
707
909
820
220
605
174
221
921
113
503
546
886
666
151
927
648
514
976
45
486
745
108
377
973
362
464
436
88
605
387
275
343
175
701
468
65
505
383
377
90
370
927
888
764
182
720
48
622
964
991
992
65
350
524
608
932
58
45
665
900
662
45
145
207
105
276
704
336
527
749
375
766
670
809
245
103
781
740
843
718
537
18
580
514
863
110
419
730
431
219
245
677
406
609
98
831
865
873
995
845
296
886
273
442
101
805
717
52
116
185
279
321
981
531
511
628
196
805
113
493
403
144
344
344
472
177
51
77
431
770
604
674
407
54
853
558
790
287
621
217
131
39
931
707
779
694
124
315
421
304
782
226
759
665
527
231
245
526
651
962
884
369
420
988
53
646
389
229
36
247
615
729
408
760
937
652
730
285
995
834
991
350
182
93
108
124
113
423
831
926
458
20
320
243
682
433
975
804
963
231
964
118
94
72
945
988
384
165
242
227
646
643
569
360
348
472
352
583
853
746
735
600
306
440
679
291
962
901
505
61
377
747
586
754
199
421
516
887
976
287
748
283
330
271
296
792
92
890
263
319
562
355
872
69
171
322
969
227
405
360
601
303
252
565
12
972
181
449
803
120
82
220
446
111
732
995
62
199
409
31
81
430
158
634
576
333
719
164
152
643
97
590
711
391
404
380
53
516
462
700
781
111
785
752
251
580
936
252
432
654
58
155
565
192
77
416
619
823
813
712
847
485
795
198
947
88
364
427
185
94
667
734
857
11
693
547
49
971
302
529
875
239
19
860
782
578
793
145
479
851
568
771
440
683
169
614
903
360
309
59
686
482
832
123
129
368
642
590
560
727
42
612
484
831
676
611
355
69
389
457
89
296
815
396
384
821
395
919
901
93
272
243
253
265
993
287
903
485
975
615
808
960
676
470
449
14
973
765
586
68
333
525
261
56
451
769
37
273
972
578
712
514
655
245
720
844
817
202
898
366
245
964
183
880
566
649
494
512
566
237
453
297
858
106
447
907
680
506
586
759
161
703
790
613
372
998
49
672
399
930
32
551
934
858
640
853
295
507
780
278
488
805
1
195
625
834
431
243
707
590
860
327
893
829
487
464
434
973
207
538
499
69
92
45
338
734
855
791
630
909
429
49
472
718
232
821
438
564
224
0
274
878
852
749
76
949
900
541
945
831
977
700
107
786
638
182
971
297
118
553
432
621
342
79
558
527
600
67
507
740
49
375
328
929
999
347
304
722
850
826
289
853
182
455
534
728
67
435
289
657
859
718
156
297
939
366
588
478
125
475
190
224
162
916
634
900
610
257
257
171
750
447
306
361
357
931
185
575
587
231
882
997
856
40
699
591
655
758
81
246
968
580
575
981
586
787
954
575
606
214
172
485
193
383
448
45
921
830
601
491
250
714
977
438
909
594
581
708
98
99
507
611
472
950
293
873
48
368
620
478
647
23
333
634
311
891
258
121
228
822
997
796
292
343
996
887
239
627
705
602
20
725
349
923
769
373
460
249
706
881
322
484
249
361
352
515
9
543
929
222
597
430
773
130
747
837
587
646
333
464
922
699
655
268
910
756
16
562
650
299
69
643
207
97
30
473
543
489
742
346
279
727
63
720
756
625
159
377
980
602
590
55
480
394
590
268
711
131
176
442
351
668
63
931
619
660
12
30
520
853
849
206
367
653
41
455
661
493
590
231
602
1
174
687
149
871
604
543
635
798
741
27
991
136
225
894
883
988
44
926
851
204
377
327
702
8
686
850
116
902
607
887
92
939
824
104
489
546
489
235
995
766
91
275
273
55
727
657
782
352
998
96
785
165
396
287
1
600
925
965
388
546
209
544
147
784
37
642
513
788
920
730
326
628
933
233
374
457
16
428
290
127
558
796
896
722
102
253
832
72
879
621
463
149
376
259
752
637
645
587
365
511
574
746
753
794
463
523
524
705
150
629
744
373
750
108
920
706
353
409
727
764
413
173
875
656
542
190
336
971
11
285
359
5
889
48
563
839
280
599
692
913
142
461
29
193
310
345
885
543
748
323
837
545
418
479
116
95
679
387
456
635
7
218
858
140
699
129
925
796
988
439
258
54
716
558
530
818
433
737
637
157
778
301
231
296
568
76
535
470
274
462
73
191
824
877
458
5
604
901
86
266
78
428
81
721
516
774
478
618
314
819
892
881
942
304
705
158
840
18
530
458
420
232
436
913
281
745
275
584
827
793
972
515
578
44
639
260
343
744
42
804
631
620
999
215
529
143
864
94
679
183
287
880
495
3
206
704
990
334
536
602
836
387
778
144
451
12
812
717
630
836
722
711
77
827
740
317
0
114
959
637
961
852
4
154
71
60
50
557
340
175
425
528
597
776
703
345
169
78
161
870
920
198
895
736
648
232
846
223
864
335
494
571
629
897
871
878
836
489
900
729
911
514
328
106
189
876
799
614
623
258
461
219
294
809
530
811
541
838
372
323
805
807
406
123
7
503
393
527
11
820
958
151
947
454
814
961
46
364
131
793
710
728
791
783
849
499
17
781
275
705
602
832
925
196
986
86
896
90
874
977
664
493
970
284
482
583
603
55
675
783
852
541
949
503
527
38
612
982
521
552
218
89
332
188
261
214
959
803
571
976
332
577
80
889
264
261
978
616
807
411
249
684
649
562
396
170
291
320
900
192
634
120
499
244
223
132
457
968
368
143
459
605
839
893
981
473
635
550
981
119
95
578
664
993
896
13
25
43
942
701
546
945
855
523
787
69
319
824
633
838
963
985
695
39
473
543
320
625
553
431
340
160
402
569
126
954
923
796
686
960
912
653
637
938
159
167
32
813
349
24
422
336
930
956
5
427
442
669
895
929
509
79
611
702
62
226
109
76
159
581
740
491
148
934
657
794
231
532
349
745
101
563
0
388
238
298
425
312
814
208
176
566
71
345
519
659
443
527
567
207
645
738
827
565
250
322
134
147
625
52
431
131
159
547
632
749
963
22
848
804
396
841
830
275
64
144
172
469
124
735
213
266
846
427
328
847
703
460
405
720
829
414
106
688
901
350
554
799
819
881
638
566
64
491
40
141
544
674
300
332
969
501
546
365
469
920
477
81
967
863
950
359
206
270
693
536
940
81
896
253
627
905
268
353
539
662
194
779
378
898
928
346
892
751
933
466
505
674
638
564
507
870
511
859
18
218
52
243
728
512
612
605
616
146
25
799
274
760
896
69
4
311
134
364
635
515
327
981
421
591
353
5
148
741
399
684
384
775
657
532
277
120
605
235
770
96
320
475
769
461
687
572
940
927
915
475
825
733
46
213
625
900
412
804
747
324
879
442
739
754
621
238
691
29
791
383
553
236
720
401
442
379
630
747
971
465
789
681
389
591
137
862
908
436
937
327
920
620
504
236
915
932
63
772
971
851
464
217
190
253
937
767
589
154
193
274
952
272
187
207
544
885
327
68
221
802
268
790
105
237
384
381
990
468
725
885
438
762
726
372
107
261
94
330
500
158
608
756
640
336
436
742
380
276
440
383
615
180
691
452
853
286
5
461
54
683
640
682
904
156
306
427
388
406
650
274
43
948
883
94
977
782
899
674
922
907
135
817
341
879
528
643
618
126
289
151
629
11
745
598
637
500
810
942
236
790
740
78
164
837
883
736
442
179
852
231
414
454
120
38
201
864
873
734
364
976
473
574
987
503
55
449
377
761
57
400
315
70
274
332
567
928
430
281
836
43
743
776
633
123
251
589
143
363
236
410
62
244
592
292
122
140
103
164
610
443
955
784
890
863
565
759
682
785
566
730
86
23
379
698
238
753
553
882
71
248
68
289
926
144
829
853
324
852
953
935
358
296
819
561
770
99
49
972
572
136
691
399
597
637
997
469
242
149
688
956
360
385
242
158
373
982
284
982
38
361
483
629
605
543
870
479
526
11
569
193
328
394
251
79
897
139
193
901
487
49
10
45
105
531
918
879
10
555
788
467
606
170
464
792
701
255
720
87
766
789
52
416
837
317
718
924
3
263
737
329
719
318
565
185
339
170
563
27
127
965
840
870
207
570
318
585
599
984
726
514
735
89
167
261
24
117
692
30
199
428
572
265
950
515
505
710
510
838
722
56
118
290
58
246
410
831
869
19
32
195
480
221
263
262
641
216
945
199
241
967
904
867
741
470
691
505
679
887
996
303
415
527
34
776
567
106
212
116
791
800
507
436
66
905
566
812
287
143
263
847
646
768
909
495
215
91
291
56
452
531
403
530
632
425
695
180
45
834
314
53
188
717
677
188
780
852
129
504
141
664
877
894
628
610
999
172
42
890
958
400
326
745
726
13
821
908
690
154
554
413
970
938
770
299
636
993
449
587
174
463
68
273
698
313
571
990
779
451
115
538
514
577
6
602
365
151
18
536
43
852
61
62
339
380
340
134
134
760
801
257
649
305
226
5
69
773
801
302
871
920
388
645
89
247
894
734
422
285
833
825
194
945
166
284
911
520
936
116
781
311
541
946
77
39
888
924
777
46
36
301
659
829
85
158
526
704
348
65
112
105
332
113
482
963
364
757
907
764
834
832
287
635
527
238
935
372
77
32
642
692
166
302
312
104
7
629
272
243
190
48
147
819
780
723
277
991
262
243
777
993
917
793
648
882
991
997
556
146
374
993
51
218
418
828
56
928
184
85
94
838
429
810
956
73
167
936
804
188
717
355
469
423
619
512
486
2
806
273
818
250
975
567
381
592
140
970
62
661
743
624
858
313
245
30
280
41
351
554
109
102
407
646
494
59
59
295
138
728
499
682
367
525
913
553
586
11
426
94
701
557
834
173
724
391
75
751
856
806
359
847
943
288
436
781
409
971
947
467
535
995
311
841
883
816
875
451
657
513
608
758
120
677
287
133
267
74
79
671
496
462
375
950
300
211
794
587
178
767
487
369
697
792
715
570
965
560
588
546
215
497
769
62
198
502
952
704
12
752
282
217
556
212
758
312
918
197
29
132
67
437
663
438
705
712
15
561
630
190
582
961
971
348
165
305
770
648
887
702
9
382
473
803
138
940
671
476
358
144
629
351
194
24
386
74
216
790
905
585
432
987
456
334
43
637
62
454
455
847
354
647
127
23
930
5
274
290
411
175
494
826
919
115
654
435
831
27
407
87
860
86
849
512
291
933
560
667
788
288
128
739
279
436
600
74
991
953
140
254
181
140
297
48
498
551
982
746
6
318
329
629
582
141
819
10
821
73
687
726
117
965
313
723
936
570
19
644
63
286
607
622
234
758
310
940
600
148
970
931
79
431
441
253
27
595
543
472
722
459
317
340
648
188
452
981
92
607
752
1000
114
428
220
737
125
916
373
406
545
925
891
720
242
199
392
281
349
856
169
491
139
404
607
638
378
793
75
658
176
617
971
117
579
140
927
874
795
617
24
496
271
683
95
272
190
80
349
132
718
794
191
141
133
946
357
871
608
227
122
240
715
93
959
256
101
159
427
683
3
613
879
106
625
541
356
140
543
408
932
141
530
351
617
763
232
996
813
54
136
651
587
70
895
483
269
698
856
637
80
531
168
170
748
874
124
374
488
801
815
749
909
530
600
868
982
407
975
833
570
473
953
771
434
103
551
156
901
607
845
285
411
305
868
131
291
313
235
247
105
36
180
103
542
260
684
700
156
796
914
852
96
780
532
542
738
683
898
776
682
986
910
861
561
756
303
249
285
942
623
412
108
389
846
680
902
742
133
872
618
32
676
183
594
8
908
944
637
302
222
134
797
432
772
885
645
80
971
369
341
861
78
962
966
681
407
508
506
891
828
813
944
382
190
154
769
75
760
535
718
771
640
677
44
796
908
940
14
215
591
927
38
569
251
147
43
374
649
793
738
661
58
548
43
653
388
292
527
590
56
483
40
974
878
961
144
641
677
340
317
252
324
187
337
114
487
680
889
447
111
72
892
328
743
327
70
259
190
92
771
151
88
517
988
689
351
57
778
325
59
746
972
192
156
301
317
640
569
71
940
418
100
159
743
756
620
818
596
420
560
217
641
795
731
250
454
935
643
528
579
692
540
380
382
549
778
754
87
749
78
285
271
528
574
549
331
163
581
744
21
746
387
594
832
873
998
616
902
438
709
636
196
688
953
359
427
90
535
8
284
353
646
939
627
450
680
256
499
669
798
204
34
100
888
590
207
584
647
960
413
157
11
656
408
855
597
576
238
840
75
247
483
326
307
718
916
923
168
587
189
397
465
513
732
390
104
921
825
423
533
745
112
93
209
366
59
996
591
602
19
94
276
354
197
267
577
8
92
787
402
931
627
547
881
148
787
385
884
685
855
646
537
780
875
328
229
50
703
424
874
276
268
580
606
690
224
415
502
97
428
327
951
415
407
829
71
391
630
685
761
22
514
958
769
184
78
458
948
728
898
997
756
437
487
141
152
974
244
482
606
777
921
153
318
851
949
107
107
915
968
445
75
568
515
84
146
621
28
167
581
959
474
128
459
552
875
565
417
993
517
399
594
304
513
855
290
844
886
21
394
92
656
977
144
906
624
661
547
597
873
141
767
5
793
310
109
763
245
206
765
292
919
320
676
125
539
616
994
139
12
884
698
665
827
753
943
900
187
678
885
41
34
159
459
489
836
950
833
799
115
828
179
305
676
292
945
63
768
617
232
635
610
958
899
887
558
972
895
36
325
799
324
174
100
202
906
55
9
344
323
251
197
965
739
969
807
696
424
748
208
38
759
261
507
852
672
472
403
490
761
154
792
707
795
520
402
880
184
462
198
677
974
766
220
395
252
129
271
45
529
777
677
198
913
404
851
208
21
619
274
612
908
71
106
609
2
263
347
775
169
276
69
994
232
667
725
188
221
67
832
68
146
780
365
366
460
36
768
30
201
578
915
418
287
335
744
738
17
7
716
354
399
294
985
482
769
956
587
325
390
307
829
77
952
894
642
31
207
412
737
690
683
372
79
337
912
904
548
94
80
998
960
553
200
206
165
519
114
545
163
77
510
952
482
677
670
915
81
848
467
715
364
770
601
975
664
972
609
421
260
337
173
743
557
658
565
696
280
594
469
652
630
672
237
222
11
210
517
367
222
693
56
338
280
738
309
117
147
702
97
987
943
98
285
6
112
6
38
435
897
622
683
664
500
315
986
952
669
225
316
215
343
117
137
396
409
520
389
35
732
470
920
743
972
483
918
275
363
644
786
368
754
207
919
957
848
64
333
574
182
222
636
904
12
236
873
530
251
1000
776
507
90
269
136
575
116
661
718
998
674
914
397
537
782
965
325
364
134
600
369
564
955
442
594
451
580
88
887
840
679
680
13
217
637
25
942
258
838
931
718
176
56
615
298
985
289
557
462
345
247
701
247
5
203
146
161
402
735
105
367
972
551
519
460
488
844
789
276
552
113
500
532
806
292
814
131
308
450
728
619
218
961
120
717
412
272
332
950
23
740
928
592
414
864
820
780
166
324
901
494
511
50
183
347
315
933
589
315
53
793
454
956
393
844
183
734
243
137
11
480
681
822
534
554
744
84
955
428
872
820
111
309
634
989
931
629
941
744
617
5
678
452
325
4
65
977
303
550
698
166
596
755
41
147
50
133
641
923
739
66
22
988
212
373
750
251
501
833
957
656
701
707
694
185
987
854
437
237
352
740
59
217
852
920
39
3
329
833
512
567
307
201
547
590
272
145
504
139
651
930
625
55
124
711
772
289
992
328
293
823
532
462
132
266
154
397
716
741
547
801
590
233
630
643
808
948
825
103
868
93
513
416
137
624
358
75
677
243
786
960
294
580
903
528
375
627
987
802
678
614
341
437
879
550
659
391
18
895
487
870
587
757
628
663
430
927
735
536
235
251
188
687
328
655
30
42
568
876
628
642
789
73
111
118
63
144
375
832
857
404
788
908
974
227
20
715
311
783
7
153
906
159
598
706
866
698
248
385
920
606
743
927
834
3
291
963
701
427
717
655
473
690
629
451
277
60
374
722
368
298
295
961
243
920
709
161
642
477
250
162
862
739
162
323
815
733
803
614
59
299
121
864
386
404
755
238
477
577
656
510
595
994
436
416
270
916
370
394
970
930
599
429
113
6
157
400
536
73
136
216
153
556
94
884
106
187
848
826
915
660
437
127
508
822
739
101
771
634
986
112
532
660
535
557
83
839
85
334
286
454
915
85
857
775
209
202
310
24
548
214
793
386
137
490
325
734
370
642
440
894
519
766
134
959
46
339
313
494
981
457
925
617
531
468
338
600
580
151
682
214
408
743
579
663
854
243
478
10
79
778
804
254
13
205
163
626
368
614
469
495
321
330
945
741
597
716
138
185
525
261
849
729
295
899
811
348
965
123
11
764
292
803
883
817
347
631
585
622
694
288
948
323
358
975
771
863
981
514
657
647
610
935
588
894
44
171
3
841
859
98
461
815
388
24
854
258
472
651
783
767
275
947
529
403
508
257
623
639
38
114
901
58
570
419
34
781
145
88
473
362
573
730
279
295
858
717
773
226
859
340
125
0
755
877
622
342
616
207
738
460
399
957
197
654
310
757
346
608
517
766
586
580
203
304
108
715
172
118
577
238
121
533
712
956
82
261
523
585
910
567
576
17
949
557
3
702
445
135
569
782
658
80
761
804
204
109
374
924
278
30
339
357
136
951
942
194
758
8
437
574
285
411
512
411
268
748
716
500
88
15
904
850
267
215
749
829
615
118
479
273
544
283
668
739
285
355
421
452
38
568
646
428
929
85
445
541
528
469
576
498
963
145
248
648
764
526
203
485
937
550
481
588
117
525
904
991
886
228
623
688
218
174
894
523
823
641
437
579
119
253
974
933
210
713
1000
676
661
299
760
390
710
612
870
855
654
209
931
837
995
474
159
437
415
443
659
508
654
334
365
701
63
338
872
565
556
819
924
692
813
454
587
981
573
440
566
159
885
510
752
281
473
990
927
208
978
918
826
935
662
816
749
500
206
300
392
914
962
799
974
825
740
559
394
17
172
217
560
571
956
167
120
276
996
111
265
738
616
223
892
754
839
902
682
841
345
210
249
172
745
986
917
383
198
299
286
92
156
524
719
977
841
554
997
724
141
936
350
221
973
790
668
569
738
749
854
248
60
887
566
873
931
814
562
938
328
716
897
995
707
125
70
51
158
351
66
942
637
154
112
112
913
57
330
914
889
588
909
623
153
384
298
516
856
394
847
849
898
711
832
240
500
301
346
427
13
318
242
115
637
135
965
719
792
53
318
906
492
962
510
181
524
256
513
142
191
125
143
580
385
673
595
42
416
586
599
547
869
441
68
353
834
672
572
743
299
841
695
237
802
30
702
308
562
984
416
813
715
371
397
429
894
197
967
430
767
406
496
368
28
705
857
796
647
668
825
541
490
288
759
221
662
909
657
668
98
207
14
590
757
817
447
297
267
865
623
508
51
462
24
700
472
88
775
922
314
546
278
763
699
907
801
521
222
987
274
325
94
664
613
44
697
743
460
252
743
692
827
303
837
846
180
686
33
231
39
596
743
135
909
593
603
798
465
833
454
93
405
747
589
606
333
802
431
990
950
820
243
725
634
758
518
831
190
404
623
736
169
911
670
718
898
181
715
884
138
507
411
832
289
187
209
56
645
790
772
609
441
478
161
31
461
792
668
501
690
731
537
155
540
277
731
149
600
109
870
410
311
182
246
952
745
294
31
423
110
536
233
116
896
687
865
618
359
310
777
989
879
753
54
547
906
773
701
950
519
588
82
400
245
209
390
624
789
339
470
257
21
455
385
725
420
357
246
950
225
787
328
498
851
35
103
984
39
778
78
404
520
766
138
440
505
692
467
416
660
418
237
21
964
593
537
69
885
234
797
791
108
728
502
697
403
129
661
950
784
446
267
720
83
190
802
128
700
282
37
568
932
439
55
314
620
182
819
614
457
6
524
65
965
33
799
453
75
514
593
88
954
225
950
557
170
90
861
541
668
365
545
667
93
858
523
874
380
659
632
593
720
351
155
115
82
209
543
358
515
768
971
389
429
345
902
258
680
592
714
14
957
867
235
485
803
927
684
523
466
409
528
265
873
30
495
780
243
783
203
776
428
441
465
269
28
341
362
155
537
957
556
182
719
494
671
214
976
101
928
614
840
761
443
8
345
468
683
194
995
110
961
631
526
568
837
853
536
507
458
847
98
594
680
903
907
336
734
867
833
453
446
502
124
788
797
189
471
418
969
599
961
515
143
577
419
668
168
486
623
566
471
921
11
813
785
301
437
528
949
406
416
216
554
41
371
503
549
825
457
84
211
292
609
181
417
737
282
585
534
830
559
839
681
225
221
637
720
177
609
914
542
589
300
612
985
60
153
786
574
93
430
587
776
923
399
143
528
374
257
726
170
659
750
321
817
38
169
587
640
726
939
10
765
917
298
314
813
36
292
519
681
921
325
577
137
151
820
371
332
80
690
282
183
648
541
1000
192
257
509
84
856
510
809
897
395
201
840
658
67
534
316
408
667
951
898
692
247
208
670
337
775
554
387
960
902
29
824
110
659
622
347
253
975
44
959
677
412
898
535
303
339
535
760
803
482
938
184
180
848
485
808
764
985
113
541
89
613
212
95
241
36
316
3
456
203
406
200
421
640
4
214
44
985
61
711
700
806
451
900
432
906
798
934
944
184
279
174
371
31
729
259
709
183
420
754
809
391
684
0
557
228
429
433
509
263
414
573
883
698
750
613
692
632
502
108
291
880
982
535
383
687
854
642
809
80
138
137
427
680
841
495
683
973
179
725
887
686
237
744
348
518
4
757
345
875
973
328
996
464
825
635
874
736
118
271
463
387
254
155
163
452
198
894
84
648
444
727
989
120
690
121
972
5
664
387
346
638
174
382
527
342
159
423
7
863
753
743
966
567
353
194
877
959
354
240
321
532
467
634
346
862
35
202
892
429
817
194
785
6
288
951
229
172
830
37
67
465
141
835
170
275
885
605
258
511
672
981
328
216
40
210
672
526
196
551
807
571
705
3
608
990
281
489
102
158
392
232
707
751
552
614
953
918
283
69
525
11
812
302
52
231
966
564
917
708
195
343
663
976
973
847
667
850
915
944
928
132
382
291
391
441
231
34
503
464
857
497
932
113
895
414
302
651
52
666
9
429
969
40
386
174
907
559
705
829
982
674
85
333
760
987
334
53
188
985
933
359
81
458
564
821
992
997
229
745
567
852
537
434
123
56
313
123
242
828
856
183
498
481
120
631
353
403
329
70
780
574
698
663
845
707
495
503
683
338
841
442
276
488
881
133
791
430
224
386
856
54
875
76
329
43
305
723
389
785
431
590
82
938
767
624
625
321
349
332
441
303
681
851
711
45
688
690
850
654
961
514
173
727
381
963
833
855
318
313
272
686
196
18
862
121
168
218
466
257
832
10
144
612
353
592
124
951
991
10
291
866
422
746
377
398
517
614
932
954
724
882
473
271
453
874
791
816
286
692
319
632
6
226
591
21
903
733
646
608
157
878
481
401
878
429
864
465
320
964
846
905
744
335
198
239
292
854
773
44
482
995
528
6
218
711
543
581
143
197
418
788
628
143
167
159
899
915
71
142
754
75
614
402
150
546
519
236
369
685
627
769
147
734
505
847
893
860
466
948
108
287
947
515
699
908
957
429
936
597
537
149
9
614
82
